100
20  20
6  21
38  14
15  21
69  11
28  31
2  53
41  41
7  29
15  15
9  61
7  12
55  39
85  30
98  49
93  93
97  56
87  38
77  52
68  72
58  98
29  40
83  20
71  60
29  50
1  50
28  1
41  26
50  62
64  9
17  49
77  29
56  1
45  45
9  44
87  71
32  82
41  74
21  13
63  20
57  59
93  91
19  24
70  56
51  57
35  81
60  51
70  19
86  70
10  49
8  45
77  8
53  10
78  69
33  33
89  29
76  51
78  12
59  76
44  44
13  10
22  44
56  85
2  1
31  9
10  58
68  58
36  13
20  4
5  17
58  10
41  29
58  50
4  50
3  2
79  57
92  43
7  2
23  22
2  28
7  1
83  72
59  59
3  64
4  16
38  5
53  5
14  65
10  71
10  68
1  64
66  66
50  45
16  10
96  65
20  23
43  82
13  40
64  70
37  81
