33
124831 208332 684476 134189 441414 504941 111914 987102 133531 583386 892850 841433 340947 501453 676285 832665 616910 242231 576532 822633 702508 204134 597921 989701 423439 367518 988820 816294 755320 666912 687024 593568 322523 
20
182844 855504 522070 612933 84719 882112 38377 882169 181778 671897 907831 145669 125986 876645 445281 238747 168344 435815 72645 118265 
24
325062 45071 476235 380122 40915 149013 975683 900911 920008 287845 614089 971608 288244 104345 973484 811258 270508 695335 891946 591546 606909 129037 89188 798395 
45
569111 743752 809727 955614 976804 545233 260884 488650 372928 200073 879173 548592 525542 650702 280766 266202 438647 889549 631663 313964 563540 692062 2167 963243 911324 5172 236826 267266 865858 873026 73869 504135 760662 569028 658274 52776 192561 144428 629455 673332 865590 761377 560892 278994 432116 
67
640857 40171 904184 509854 19856 879993 300470 501171 289121 784675 357708 720993 945513 620149 238958 105294 449358 546804 567899 129931 504909 285446 966023 173642 707345 23526 664843 186192 829748 368823 676512 131897 248922 166968 988109 942135 464875 261449 349816 965369 658341 603731 263852 14370 534371 52481 166214 439290 500193 82606 816705 652060 203142 827610 42023 955148 268439 247013 130124 761170 363808 187629 946095 877363 820531 719741 708896 
4
593646 355596 135339 498175 
77
197250 638754 706460 572615 201854 623173 627853 377145 959700 958758 190266 494663 982664 861537 865947 280366 745139 690060 941890 631386 114194 748307 978295 464066 876293 369756 62543 588901 351655 143603 446917 625126 550409 116057 283036 260906 620110 919595 476754 453666 29254 906964 54214 120028 941173 179924 359309 195922 651630 788368 513567 388049 564125 833430 559716 80569 849100 833692 69 660629 821763 717611 371306 708229 497643 666052 263214 214009 613291 969960 492158 832925 464952 32549 740845 671848 548299 
2
38133 886406 
40
291777 336402 336682 173775 542021 906822 738347 750675 3591 959888 292548 787331 336853 345702 877862 219794 703957 818724 484192 401685 530618 575185 175425 518994 624342 351110 15038 329378 415471 312599 189785 435906 983772 288513 770262 797862 933748 97730 848596 242221 
25
770973 816718 129392 197114 93501 754839 502225 917718 349218 616934 485453 877964 801463 491130 976847 519890 147355 482412 470656 730873 429960 353637 912029 904512 335557 
53
653163 61728 963404 792771 339463 985010 808369 773102 100530 344900 443978 906909 455582 751089 581946 659686 282254 121738 848830 592121 439346 969690 296629 928617 15906 650200 832232 299187 921061 979590 74792 214948 133866 932974 75546 799943 946370 769654 439098 60533 80652 749284 984222 426058 913506 603906 755661 312057 906861 160157 672122 495445 642392 
57
161127 366796 188650 465341 919005 394642 980968 653769 492832 19950 397579 691245 163061 398165 491581 563970 793726 400889 114611 890564 958083 355277 766342 415910 781767 741956 550165 67238 426110 181296 591030 908914 865311 39028 263507 203838 954487 94956 224298 848028 232401 27973 37268 958625 972502 25894 89201 462335 94792 746828 229228 604625 310124 24600 615949 912192 232884 
19
714744 194629 856435 700336 8339 57343 982951 175484 795128 614497 543885 465919 452106 831340 878508 309357 157503 45671 245949 
59
875292 954245 450499 294388 239480 981969 716671 725747 490826 775832 503974 145685 839422 342086 255014 45214 166753 66888 33005 142530 989480 188032 593480 836992 216392 361251 137750 84952 227602 943712 242037 56608 825390 871113 368979 138479 832187 389233 563572 541732 11154 5182 42605 531898 813696 441110 54992 686267 927437 8028 177903 623686 409900 899337 579220 734977 86088 358570 200401 
98
130238 943015 433832 715806 185704 312389 57387 942317 754305 510216 138836 674322 302011 205970 836440 611035 53433 60905 353579 146907 968229 619537 85152 537770 637202 853194 230090 795462 402669 804723 256165 368477 294840 662267 50940 619491 179316 646294 13233 777760 323681 531932 781233 548684 974435 858064 26406 746216 6845 822520 66156 43165 683389 417846 974096 336343 866097 884870 734814 913993 957326 924137 585569 537654 293907 1195 716537 77166 778159 967800 694921 635974 712070 719512 235302 76403 378217 584930 61402 988130 505966 949377 840903 119692 966256 660267 509746 705641 770168 488743 568343 66849 247686 31416 302324 638488 707794 112548 
