100 100
89
405
470
749
844
875
1105
1237
1309
1365
1382
1554
1571
1822
1849
1986
2001
2125
2151
2254
2328
2370
2539
2697
2786
2843
2863
2936
2941
2944
3018
3070
3202
3503
3629
3658
3688
3997
4190
4261
4336
4365
4457
4629
4632
4665
4715
4804
4840
4874
5051
5334
5499
5601
5666
5735
5778
5832
6017
6035
6044
6045
6059
6148
6160
6391
6439
6454
6544
6623
6633
6680
6780
6840
7109
7246
7283
7316
7439
7529
7611
7617
7670
7952
8016
8031
8058
8262
8300
8447
8455
8757
8809
9462
9520
9524
9560
9721
9896
9913
116
201
328
550
719
867
964
1029
1119
1159
1194
1394
1402
1621
1731
1856
1890
1939
2049
2080
2259
2310
2363
2479
2489
2497
2625
2638
2728
2855
3218
3448
3529
3655
3895
4078
4101
4817
4886
4909
4918
4953
5245
5304
5305
5357
5477
5684
5724
5772
5785
5932
5947
6091
6105
6262
6449
6474
6497
6642
6643
6761
6866
6866
6896
6923
7071
7162
7205
7252
7398
7483
7536
7554
7599
7618
7802
7828
8003
8107
8157
8351
8411
8626
8627
8665
8871
8887
8980
9030
9098
9399
9538
9631
9755
9761
9824
9841
9866
9875
