100
20  20 79
6  21 84
38  14 77
15  21 74
69  11 46
28  31 56
2  53 95
41  41 82
7  29 30
15  15 89
9  61 36
7  12 19
55  39 44
85  30 43
98  49 71
93  93 51
97  56 64
87  38 11
77  52 48
68  72 29
58  98 85
29  40 69
83  20 9
71  60 15
29  50 75
1  50 60
28  1 90
41  26 13
50  62 39
64  9 83
17  49 23
77  29 20
56  1 72
45  45 65
9  44 35
87  71 6
32  82 92
41  74 28
21  13 78
63  20 25
57  59 81
93  91 8
19  24 86
70  56 3
51  57 99
35  81 21
60  51 7
70  19 52
86  70 34
10  49 73
8  45 80
77  8 87
53  10 47
78  69 68
33  33 55
89  29 77
76  51 49
78  12 100
59  76 94
44  44 91
13  10 34
22  44 41
56  85 93
2  1 37
31  9 57
10  58 42
68  58 67
36  13 38
20  4 97
5  17 1
58  10 27
41  29 24
58  50 2
4  50 4
3  2 12
79  57 10
92  43 59
7  2 96
23  22 22
2  28 16
7  1 50
83  72 76
59  59 98
3  64 32
4  16 88
38  5 33
53  5 5
14  65 53
10  71 14
10  68 26
1  64 31
66  66 45
50  45 87
16  10 61
96  65 62
20  23 63
43  82 58
13  40 66
64  70 44
37  81 31