6719
3061
9277
179
9767
2161
9377
6397
199
521
7649
7703
7823
7369
1277
6577
2381
1031
3041
8009
7121
1481
4523
1549
2339
6011
751
3229
7753
5641
9901
7757
8369
9157
9257
1301
9343
3019
151
8273
5519
9923
7949
2389
9539
1
5059
7477
5717
317
1489
3803
7949
5351
3823
6217
5279
5741
8081
5077
7057
857
3947
607
3251
3011
1277
6997
167
8543
9803
193
1093
4093
4567
641
41
7019
9431
1303
3413
8719
4597
9413
769
7561
2647
6427
3361
8101
5407
1697
9283
2243
6719
9533
4651
2083
5273
9629
7993
3019
9769
4663
3499
7517
2083
2801
5147
2999
9029
3701
6761
2713
3733
1097
4751
6977
7547
9397
53
8287
6451
1597
1423
4933
6427
2309
827
6481
6547
3001
281
8377
7759
3323
3413
2267
1013
4493
109
9397
7309
2857
257
9551
5483
9209
6883
5903
3607
31
9041
397
193
2557
2843
5297
9473
5527
401
1997
7213
4481
6361
2053
5003
317
8537
4903
439
2917
8693
4349
8521
9479
1753
4219
8093
6703
8849
8353
8053
569
2473
1217
137
6007
4919
4877
5521
4493
4919
8191
2857
6367
919
4999
4201
1
8467
7723
6301
1543
8221
9929
4457
5407
6967
6043
1129
6679
683
6781
1021
8599
397
7853
2699
2593
3559
1279
4649
9767
4013
5189
2633
6673
5953
6481
6869
9721
6997
9619
509
8231
7717
8389
1229
283
7669
9103
1307
2503
4813
7151
2207
3373
4999
8731
4567
3571
919
2909
2459
383
5039
6577
1601
613
6653
7451
9293
2203
7247
3257
6997
8171
4091
1229
3697
5059
5437
4051
2357
7297
277
4177
8369
4289
3539
5171
13
6841
4871
47
1429
2399
8699
3581
877
5011
3307
2579
3533
7159
5821
4919
4561
7523
8291
2999
1223
967
3137
6427
7561
6997
1783
859
6011
3169
7789
211
4349
7039
947
199
6763
6217
877
1427
2399
4259
6397
6917
953
911
6947
107
4951
9241
5791
5119
1811
6343
8999
2081
5021
8627
2029
3823
8273
797
2797
1993
5591
5477
2411
4253
3533
1783
727
2141
7523
3299
5303
1627
7951
9241
5779
3571
7307
4703
2683
5821
6217
6229
257
2887
1973
4801
643
3511
5441
163
9907
887
4091
8209
5351
613
9091
4987
4799
6131
3109
8297
4733
5531
739
751
191
2423
3037
383
353
3121
2753
991
5351
8263
8573
1427
8741
3389
1327
4373
5521
6199
821
6299
7193
4831
3557
3461
1609
5471
577
8779
11
9547
1621
5927
1579
5261
7459
3343
8887
7481
2917
8111
2659
6211
769
6449
4787
4217
4253
5903
5303
5839
3671
1187
9133
6047
4937
9857
8779
5387
6653
991
743
2053
8819
373
4567
7717
2203
433
3511
8929
8689
7207
3923
1213
1861
4111
3947
1823
3821
971
269
3847
5857
1979
4903
2393
6163
281
5531
1193
8807
37
1723
7699
3581
3221
9901
577
1499
9403
4733
277
9227
3533
8101
9001
179
1481
4241
1229
5273
137
5557
1741
2801
1789
3541
8669
9467
8231
397
1193
7349
5711
6737
2687
9341
8669
1187
3719
8941
8369
6053
1747
281
8329
3547
1543
2677
17
6553
5441
9227
6247
8419
23
181
2687
1489
499
3919
1453
9319
1151
6581
1361
5101
1759
7417
6163
5009
3881
1117
1201
5167
2777
5869
5281
5059
2957
2243
9649
3191
6737
7489
7877
2347
7621
6421
6113
3457
4421
1367
7349
2593
9343
1117
1153
673
2459
2239
8089
1489
6967
2621
223
3697
6337
4483
7417
1327
5639
5113
4649
1373
9907
5981
1637
9337
3167
4079
8863
5147
4201
5449
1979
463
6863
5939
2797
6379
73
3769
4481
7177
9551
1249
4493
1663
9239
7211
83
8221
7013
3673
1663
2557
6113
3089
3929
5651
1433
9041
761
7963
3271
6101
569
2239
4793
487
4271
9103
9431
5441
6959
7333
179
8233
1163
5387
5879
43
1087
4049
9181
1429
9679
6703
6701
6961
9533
4993
4283
3019
3581
3467
1171
7
2909
8923
5039
1607
2713
6271
4903
6067
3167
607
9719
2683
3229
5279
2137
3833
1613
9103
1741
443
8179
1871
3613
727
7477
1699
5749
3517
6781
2729
4679
6247
3677
3187
5179
311
3797
7333
4691
9421
6011
2381
8179
8513
8849
7907
113
9413
3793
6553
8731
8353
8467
5503
6679
1811
7369
6869
6619
3943
3637
4649
1637
8539
4289
2111
5107
2857
9091
1033
8243
2203
5261
4079
2971
3631
5351
5419
5323
1381
8573
9151
9497
2953
2179
2081
6599
1009
8353
1723
1889
6869
8999
4007
421
4931
4363
8669
3851
191
457
8521
6599
1277
1361
9157
8887
6791
6833
4507
4733
3547
7331
751
1867
653
389
7757
7001
599
2069
4639
6959
8429
5903
4583
2971
7253
293
2293
2447
4603
971
241
9739
137
7411
4679
9733
5981
8747
6311
9817
6079
2027
6269
7351
587
2237
2083
4231
3967
3673
1381
9851
4691
4409
3881
6689
8443
3253
1543
3347
5059
7759
5237
8563
5431
6037
8233
6529
9157
941
9209
2143
4759
2087
5791
7927
3733
5303
5087
6899
61
2293
3001
113
2477
2539
4363
8641
8423
4799
6263
2099
8467
5651
3469
6397
9277
6841
9941
8017
3119
7879
8543
269
4007
2297
2677
8627
4201
5647
8693
1801
7591
3739
7417
2029
7417
2179
89
7417
3593
2377
683
9467
1129
8243
6551
1429
2897
1409
6367
617
4409
439
6871
661
2647
9293
7103
2377
2833
4637
5531
2531
4519
2543
2963
7687
61
881
977
3359
1321
4019
7219
919
947
4391
3433
7481
7561
6679
2161
269
8117
7823
9403
7901
929
131
6529
2143
761
107
1123
7841
7331
6563
2377
4297
631
6673
7573
9817
5651
6257
1097
2441
6571
797
7691
7927
1699
5821
7589
3889
3727
5939
2339
5437
743
401
3767
1283
3727
491
139
127
2917
757
7841
4723
8951
7129
3863
8053
787
313
9613
3931
6427
1069
571
8831
9277
6091
5209
9173
823
9719
2293
9907
5419
5527
5417
9533
8191
4957
3181
7057
1579
313
7919
41
2437
6173
2683
6947
2939
4339
7873
1009
3373
4177
3583
9127
9241
6997
5801
7457
617
4463
59
9973
229
4391
4349
3517
757
4663
8747
6421
6997
1283
3541
6361
599
5233
4409
1777
3671
613
6997
1999
2777
8807
659
797
5179
8191
73
7417
1979
8803
4673
5501
97
1669
3911
7013
2699
9059
727
223
5827
5987
7933
1889
7481
1429
3691
5563
6779
6299
6367
9187
7321
5077
37
7687
8231
9767
433
1451
8237
2243
8581
7159
599
6389
6343
3793
8353
4597
3989
3019
5857
67
2999
151
2411
8629
7393
1721
7103
8123
1321
6389
5347
7583
6737
2549
6863
4463
4243
4721
1801
6581
5953
977
313
2297
9631
6211
8087
8147
5209
3491
9931
1217
2707
7639
6719
9011
2609
9491
409
2351
8209
4621
6661
541
1217
4957
521
2137
6673
577
3697
8849
883
8221
3803
1097
4073
5641
4729
4363
5741
7351
7027
4153
9433
9029
6353
2999
7253
7643
2731
3739
3623
9677
8117
227
1553
2939
2381
3037
7529
4831
1117
8951
2801
9293
7541
1433
4231
1979
127
9511
4999
1609
617
9631
6577
7529
523
5417
9011
4133
1877
1163
6271
9157
4583
983
5479
5153
9137
823
9619
2671
9631
4409
1097
4327
4789
6359
5419
4507
8269
2027
8867
7103
727
2417
2141
3137
929
5953
6781
463
599
5507
3769
3607
71
1201
6067
2539
8719
4649
5987
7229
8123
1063
5413
9011
7951
9187
4447
